
> anatomy-app@1.0.0 seed
> tsx prisma/seed.ts

🌱 Seeding database with bones from bones.json...
❌ Seeding failed: PrismaClientValidationError: 
Invalid `db.structure.create()` invocation in
D:\Miriam\Development\projects\anatomy-app\prisma\seed.ts:53:24

  50 const vectorLiteral = toPgvectorLiteral(generateRandomVector());
  51 const svgPaths = buildSvgPaths(bone.svgPathIds, bone.system);
  52 
→ 53 await db.structure.create({
       data: {
         id: "33d315b3-893e-4bfe-a5bb-a3708ae485de",
         name: "Femur",
         latinName: "Femur",
         system: "SKELETAL",
         category: "BONE",
         description: "The femur is the longest, heaviest, and strongest bone of the human skeleton. It extends from the pelvis to the knee.",
         svgPaths: [
           {
             id: "FemurLeft",
             system: "SKELETAL"
           },
           {
             id: "FemurRight",
             system: "SKELETAL"
           }
         ],
         aliases: [
           "Thigh bone",
           "Thighbone"
         ],
         metadata: {
           articulations: [
             "Pelvis (hip joint)",
             "Tibia (knee joint)"
           ],
           innervation: "Femoral nerve, sciatic nerve",
           bloodSupply: "Femoral artery, profunda femoris artery",
           insertions: {
             proximal: [
               "Hip joint capsule"
             ],
             distal: [
               "Knee joint capsule"
             ]
           }
         },
         embedding: "[0.09327211044341999,-0.2631303933529243,0.49378905686162233,0.6370709398115426,-0.4846031225488119,0.6911600306799885,-0.8929980804783628,-0.28754101790988407,0.31773638553694084,0.15113815735926672,-0.8414287122435733,0.0743184225554081,0.3904223853834148,0.4504266994683992,-0.16993728058259294,-0.2103639333134668,-0.853039713684977,0.0035200041538603344,-0.44637064227633516,-0.0700560345794603,-0.10302036719408081,0.8798918625983132,-0.6015508906555023,-0.7827043901775583,-0.20284907627080706,-0.32290645367761006,-0.28522934403906186,0.8515124033757464,-0.14990547737216753,-0.09463025273416914,0.22242653680116375,-0.6547992790997264,-0.09621744978157465,0.4583127248679102,0.9312220199097483,0.8411180136693308,-0.9653920894868484,-0.09104094316905309,0.7143432305653665,0.44774963564429804,0.7244383679719877,-0.8323851968091633,0.8886957690653936,0.512465750029701,0.13023820607872083,0.9898308957970259,0.9232779966720857,-0.49226015025254033,-0.17089250968983016,-0.44045986490265654,0.06142751350124298,-0.4998313185997383,-0.48032700515758187,0.32486788470268446,0.6389005732159423,-0.7712580216268925,-0.5154295093158636,-0.15041248500955207,0.8709146359584461,0.0033130679865993606,-0.4113847871732246,0.0738540313296776,0.8527243575290644,-0.3885390366541712,-0.8550470483358694,0.014877511562226164,0.36247974360465274,0.3015586222584703,0.903216357693378,0.3970877899191916,0.3016874565028542,0.3246089795237517,0.5641202397106411,0.03834030527553711,0.7275542188330513,0.06397719864755791,-0.739187370569244,-0.3661398958058997,-0.5116817217746688,0.8048216185096582,0.5701000853303715,-0.12963432019255827,0.6615768552290089,-0.04844218302491465,-0.197815705267113,-0.5182547245329945,-0.8851188815299771,0.472057237704554,0.32410600375494525,-0.852015249543207,-0.8625193442355983,0.9604577958584044,-0.24155961490637567,-0.9630425876253499,0.7059766649720913,-0.9111254610828798,0.35878789128728794,-0.1727223848844286,-0.23713835544947148,-0.661753860262555,-0.44721673784291616,0.4316897045776107,-0.45690519733636625,-0.03902756257993567,-0.3822468653394855,0.2885943808473539,0.3488782116123528,-0.2635330351907468,-0.546904136354146,-0.07816503730639401,-0.07425493514418458,0.8923132286552178,-0.05689335149343644,0.55401618444972,0.13369373907710447,-0.8869864107038885,-0.701801604355635,-0.9075135853675587,0.44097342113677307,-0.03717332276950458,0.14867766228976542,0.7488110585955978,-0.5551155915635138,0.6861558416693112,-0.8557603384104648,-0.8798211116522503,0.818929185882795,0.928592221275746,0.40174101143768115,0.6485210117196971,0.80003464784105,0.9269048606583759,0.9415964859269226,0.5078775427566156,-0.7522723319068954,0.9036128941163899,-0.7999324896094635,-0.9529636090468692,0.16109837126110316,0.333377652073094,0.6891898866943165,-0.620021519977481,-0.24984108603808708,-0.9260319826936521,0.7560039849138893,-0.9651405981084538,0.3638408874425638,-0.389943863315809,-0.8375027288829686,-0.803959783351931,-0.3929325934185355,0.05619307195146739,-0.35872969723835335,0.6594629299845858,0.49397044747550867,0.3851911668857646,-0.27823035224934567,-0.9829168478001649,0.17035479425689148,0.926926465021628,0.1743259329663147,0.7785757811421723,-0.5884367811151967,-0.354821080738148,-0.062623961126965,-0.11122290354374575,-0.11970461291995504,0.9556448415256553,0.5794361241483847,-0.6772539380772105,-0.6497598144284982,0.12706889756686124,-0.2336578681124395,0.5216091131473457,0.9086304498968214,0.13622323414095638,-0.2862803354115162,-0.1307845958836047,0.13164154137806472,0.5079649077936719,0.9078411216954212,-0.7263221533825155,0.9116394850541765,0.09062823297661571,-0.08918355802343059,0.9312827663677459,-0.18399669618727565,-0.4613640646392727,0.3044964172637086,-0.04057321625545662,0.8845205726113998,-0.27304963119435377,-0.7226739583392634,-0.790263265414493,-0.047278821158839524,0.3380033452190736,-0.24252255049906046,0.42605674010644345,-0.5725281529192146,-0.7270012769741296,0.736735532102688,0.20856199232571915,0.6139582492523357,-0.4491736715232284,-0.6446038136107521,-0.29885525790523126,-0.018476715892699058,0.6400666143170433,-0.3006777858389569,-0.41731887777905796,-0.05427899015462678,-0.12528601621101787,-0.42151490139068404,0.9754688377773755,0.22798899931149252,0.5602771400210493,-0.910010262285329,-0.3195839867536172,-0.3955504728450605,-0.05184450458772161,-0.9632815861237902,-0.48299640439276215,-0.3323182874277195,0.7169486997855539,0.6382194450235719,0.8252930378908434,-0.5482294543121884,0.7334199078048003,-0.7467136938613559,-0.4464491053308257,0.0012736083914215435,0.7576241847520702,-0.9985357811687399,0.4453335645045844,-0.9514625676913553,-0.8111632698078908,-0.7884073210561384,-0.39003126585975756,0.4835982107349226,-0.8865091824432711,0.8306051131268526,-0.5571797224920569,-0.8612716763795734,0.9992179484462316,-0.8430368954407621,0.1786154482312179,-0.3664684706734831,0.43655549005140837,0.7426651064064114,-0.8402034075892266,-0.26791367790809617,0.4522294850456312,0.19645535708204687,-0.5545446632771214,-0.03607538784698683,-0.6999360583247327,0.18476824217366983,-0.9386637056358571,-0.8507405487870692,0.13825881988049504,-0.40211467613936414,-0.08239039009772431,-0.4571055205953085,0.3586496393019234,0.5669648945606962,-0.3731715183178379,-0.03580620534427692,-0.15331523940621739,0.49122993081274324,0.4542704603130172,-0.38585489024496633,0.6567983931464068,0.04762103835505527,0.13259023701932682,0.336120543903939,0.4130255124885054,0.804778807654775,-0.6640442676278755,-0.11658245598004502,-0.6010624384397787,0.04914492768127121,-0.5986989680402979,-0.1848171080927199,0.6848198293091086,-0.7336884458422288,0.8533175220060623,-0.5001890800546211,-0.03630670010744663,-0.9264783134766164,-0.5184120390624642,-0.022814443473336832,0.753501564971359,-0.5984431076770134,0.07285198036636831,-0.7290051946377805,0.6051264764114241,0.04958877853515187,-0.45925735113610666,-0.9697244758151142,-0.48036598756012006,-0.6675034948409293,-0.8478101534178657,-0.8424284030967255,-0.7287015561875978,0.6151387618679198,-0.34886795341650223,-0.5057559882707896,0.22934912261669416,-0.08180645888523763,-0.9021849889783489,-0.146904926570943,0.8633359812336072,0.3686414180413997,0.932112148851002,0.9145414060305139,0.24878802671642664,0.8220614231486558,0.8089372081830721,-0.5235502251370132,0.2994285795313947,-0.2093171906156832,0.08209595687007454,0.906932379705454,-0.8533407633011716,0.7807512332082855,0.5216744429646964,-0.8618819261742963,-0.8029222988320992,0.6599230439617543,-0.6753230348152579,-0.8783991463433922,-0.3998712498631398,-0.3690783795766117,0.031685017155749895,0.6822984252128113,-0.4588372501340743,0.19863415834625386,0.24291283194771363,-0.9386854156538287,0.1970951575378148,0.6028185671098916,0.5708624394662485,0.8454756513370452,0.6395137207038271,-0.05473702669632341,-0.2720565907343653,0.4177612221483107,-0.7112563134798318,-0.1493279957861724,-0.24881979059926884,0.8088962839013052,-0.632624707500764,-0.5300083266082947,-0.03993310611267109,0.3864278716410421,0.4372225966199341,-0.594417760692493,-0.7052131577833078,0.5095314601561205,-0.6586630798870061,-0.7996134877374659,0.7090441964947252,-0.9039211727955465,0.3594285180300001,-0.596047503897676,0.27954369642679167,-0.012443559168466178,0.09759171480854145,0.15857682223433178,-0.6799702190058357,-0.7609172741626973,-0.39149153646032353,0.5554090928574908,0.9900284896620304,-0.8300871438648665,-0.2404998445934421,0.07379722407104206,0.8504419369796621,0.5607234560179157,0.8971275927452673,0.6263630140907925,-0.21489375221438345,-0.5463439093299427,0.007116048153777088,-0.5515839852385318,0.9628523526167554,-0.9264331355741666,-0.21874866790154535,0.204535953018961,0.03700243921117896,0.5283219490166826,0.40520047094394007,0.4847871795652716,-0.10823380950943862,0.050258944067109956,0.6547892462544684,0.012698847913151123,0.5506519265903453,-0.08201785166037867,-0.8528796125347367,-0.5082058071583302,-0.3495882755108104,0.2963726002347338,-0.09654128081531477,0.8453457900291401,0.3478179453732211,-0.9622051078792864,-0.14039593345320212,-0.05567739712452191,0.2874416579251393,0.7336027640401337,-0.9644588254125035,0.08436926049351579,0.6558433451679646,0.4159643463801419,-0.7206372571567012,-0.08998611333879758,-0.5488931108101225,-0.9650415687386642,-0.6147615792752574,0.20660726658018191,-0.17795401623156026,-0.5732677524591889,0.6984444919559516,0.6383233650610007,0.27056614537958223,-0.4237012315373223,-0.35439617021413117,0.4603101327536745,0.3650017445334115,0.5894572428671614,-0.6165281935878213,0.5574827764545818,0.44722898252333243,0.525331911963697,-0.3243302884630659,-0.9468558844549095,0.6566828533512161,0.11559089648843823,-0.5107704658485344,0.7927523452528502,0.8253348341787301,0.36780563349108575,-0.1951117201592174,-0.14225777439130582,-0.30040470952836795,0.9770347562490866,0.07661275314261307,0.1194481922582944,0.10057536014074975,-0.9415366603715163,0.385959679971974,0.8915026821196623,0.6856917336098765,0.48341669908026974,0.8311694863070918,0.6226765142661885,0.09754768914896372,0.6950220123179429,0.4441416080353775,-0.2867779178588048,0.10063134082316583,-0.15368777888855112,-0.136285410972804,-0.9198930183294316,-0.8067082199732516,-0.5679587966876078,-0.18629043564081682,0.4504334691932945,0.8084383522907466,0.9283339158234816,-0.9822230153376674,0.4829076019621208,-0.4384331773895458,-0.1589160994394765,-0.6923766032198988,-0.2184500314710216,-0.402830348256203,0.11223570084421186,0.3265992215740807,0.7335760541845893,-0.49017376693485337,-0.39966539996520845,-0.0766159336515686,0.8411912483081152,-0.5031443517439571,-0.9804764182371548,-0.22759834004192725,0.07256458132284438,0.06202636324375077,-0.5781359120516925,0.17773464770115655,-0.804763619080533,0.7278459845976286,-0.6031622969440082,-0.6185453243582084,-0.42628829603401974,-0.35098071891184635,0.9487945763918073,-0.9867990800928825,-0.10597406823390698,0.22116325755192778,-0.4630957445139834,0.4602108915497658,-0.7992265448993785,-0.41901876681721095,0.6917950021013854,-0.9099608423747916,-0.6828038733680966,0.8667275439346844,0.1870196625574998,0.4613088984505125,0.7692551720231802,0.2714477649180169,-0.1278552567440432,-0.9602358862388238,0.8548141791187276,-0.552257343007494,0.7704332384484027,-0.8575103786448104,-0.25944645850320636,0.17857905679885389,-0.5172188376510409,-0.8338187352444402,0.8973786480053345,-0.37387592370023515,0.6316386332046211,-0.2649960826037374,0.27567414708071336,0.9114768597898069,0.8705703546765868,-0.13656796025540086,0.5489032935879545,0.8385215434918605,-0.7160236748764723,-0.22765095735018903,-0.9020389820912482,-0.01775215199514335,-0.6938549670292873,0.3115980601571975,-0.023944381498710143,-0.7105493564093821,0.033089844392425016,-0.9267843585128095,0.6607402208612272,0.5777442643881598,0.47220555047376456,0.2670282942107769,0.21239936859332254,-0.21940127489266525,-0.8686037286365138,0.316948856848303,0.8864834990537103,-0.17589326148314588,-0.0627572685925315,0.9269399421109086,0.6313324734715908,0.7416481902044936,-0.04310382497251042,-0.7596660309106906,-0.8020652551893017,-0.7094766770262309,-0.2618245165553461,0.30383726741741435,-0.02157675694550587,0.5497472561206886,0.2933523942998668,0.0339317093799143,0.6091427618057266,-0.9538130049807534,-0.47868763406884285,-0.922552273860608,0.4530846948513807,0.6151627289750312,-0.6743659089067904,0.2592778859095872,-0.06819165779018665,-0.13052916239655188,0.6921569710510971,0.21506933526490002,0.17599888667242913,0.14299717480742524,0.07926548918396437,0.16293157329382058,-0.8024532723117188,-0.9049721940159707,-0.849174732171865,-0.820617190031347,-0.1241227484842089,-0.6977207061295436,0.3171069605576631,0.44579344164376034,0.7621397823857672,0.26403664917538117,-0.9863430839264624,-0.98507508485207,-0.5767476051271456,0.47714651640521066,0.628682221544018,0.9861861647255525,-0.9001037752805021,0.5723047812464077,0.8953431165531165,-0.7883541278534731,0.19726310735202968,-0.05171776256676153,-0.2365087253101572,-0.5320465236484215,0.8265089277004591,-0.9034724547908626,0.14470826749207766,0.7473619593913354,-0.3543665115413015,0.455960563679529,-0.04201946928658429,0.961611803466571,0.5077200545555791,-0.7549481049968354,-0.7268164182645636,-0.3475104736329273,-0.9667769771041694,-0.7817546611941382,0.6662771207313398,-0.5079960968633439,-0.8570177611104226,0.12235227517494751,-0.31826024255335117,-0.06835253567862876,-0.8110119773052042,0.11345526758485835,-0.22112012931235192,0.06192408022867091,0.800207140106852,0.7170652693927673,0.8322760678634071,0.9448410958879636,-0.43009511144865753,0.7766903223560968,0.7109392737926472,-0.6020171543509845,0.6877006025603483,-0.7743038384769483,-0.9758699462259186,-0.5946697778236036,0.46916259543992167,0.14283063788151118,0.5803677775426468,0.8324424499166787,0.7271349409960102,0.07864683639027858,0.26103877128578,0.535238727905506,0.6963445514371578,0.37594334570720056,0.6537122079893705,0.9717859326099896,0.1343268742717345,-0.784560808208651,-0.314005168689768,-0.9089619443032593,0.6941484256548454,-0.14399033884124268,0.02744846678738555,0.5078959903334577,-0.688858176281236,0.3962081264735866,-0.6311367206974476,-0.7967947651524683,-0.007563998702743824,0.29549235184104106,0.34174476693696487,-0.038990149803302954,-0.8425000267287466,0.1413981888464524,0.9780076696723898,0.6061641300364318,0.962835024604463,0.9938892811741789,0.9056856556723831,-0.27505700284139967,0.8011112899326966,-0.861429054301617,0.2900811006237942,0.4908802605082414,-0.8549003513511557,0.7866523945371382,0.6649830669556411,0.06754510946628423,0.059505427396437716,0.3338779560437244,0.41796245460320525,-0.5250291498064152,0.8201173258050485,0.18660360929982467,0.07264517838271445,-0.5617780324777142,0.7429934574828374,-0.7374904690501201,0.669079820769501,0.801331299066047,-0.45521820471504904,-0.4284243788557007,-0.8074881842250181,-0.7882439395484133,-0.08822350503693688,0.23772303156201824,-0.7586429228681708,-0.183360598928187,-0.7522696463022136,0.8169714506975314,-0.7840857687249694,-0.19193611631890928,-0.5464639004750609,-0.5493804469658157,-0.8949317794085869,-0.2650066811643452,0.2766945213523193,0.0032833787448018903,0.35485876950130035,-0.9255144255612746,-0.5613115758092404,-0.40236652100760306,0.23235581246396708,-0.9162991387264534,-0.45934824436255517,0.5669711894006866,0.4969690313827211,0.679131658645467,0.3373383901660556,-0.2240137769128383,0.022588799337299736,-0.5801022462221401,-0.19057159055945427,-0.24805922609861297,-0.3739575524562806,-0.8938924693165027,-0.555782938918316,0.6473884355125652,0.3837676896900535,0.7422994941054213,0.5427071260482652,0.7981753315482487,0.2191113823435027,0.35902496412004026,0.741229995269689,-0.8942297709954632,-0.014744597058555131,0.9546672195703163,-0.07107950487694104,-0.391565381355619,0.16636721631372575,0.6725323337570428,0.8560504157108186,-0.8664404948981013,-0.2157414919579641,0.24308154955949246,-0.12811789950333252,-0.4782908686766554,-0.7616877072737995,0.6802901135153006,-0.7824981638485986,0.8085508753805541,-0.5536778517674452,-0.9253905193647922,-0.07008355142077982,0.10908364084391464,-0.628027240348223,0.16216760004691522,-0.17238357960937822,-0.2937549132200057,0.5250706530530727,0.9474245012635063,0.17619912045886799,0.30615419984948433,-0.1398374143594694,-0.16178497449793539,0.20736780748271788,-0.6018143266323759,0.6357635195467775,-0.26503092281910856,0.5087795987936192,-0.7356696735619839,-0.2797113089173855,-0.4743632686446715,-0.36792914605112226,0.6119544189248045,-0.18049384063153262,-0.5738307086359924,0.2769539329244999,0.49959186655684595,0.8840300865938686,-0.15628835077273262,0.28850060534205957,0.4041067330783139,-0.2765375861847079,0.6245906658634746,-0.1073665906097494,0.2784836572477256,0.07718571277572406,0.22629301874026275,0.07881083991515392,-0.03596748642957204,-0.03150879357078895,-0.16503467182776466,-0.17953146242249396,0.7473020220738598,0.9071105148137044,0.29989017345903,-0.07305308725010562,-0.2732540240883139,0.06036965185952847,-0.7295351101682741,-0.8260126827453387,-0.6817884180906792,-0.9660036017594626,-0.6999173066147342,-0.31599629880796565,-0.001590715547848509,0.8801998728194103,-0.603353085328886,-0.6556422873519498,-0.6983234358053252,0.026220688441894957,-0.04985574228197587,-0.7471752515063717,-0.12352200416127768,0.36100721205619646,0.35717307375538176,0.7564456195744811,-0.77299658915318,0.961974388907997,-0.4737358936567262,-0.1744857480087374,-0.7358711949366761,0.648422623617726,-0.5343373337097144,-0.9394600551062273,-0.3009699831132113,0.022602286315700493,0.3798116249989545,0.41643012241012567,0.7671425117933497,-0.2687566178887364,-0.06381802960715488,-0.728862754094384,-0.16401523502359416,0.02462048323575372,-0.33849817836317264,-0.03583272091267431,-0.16230409873134977,0.5922901290483982,-0.8087046811498051,-0.19608266158731902,-0.5010282385449074,0.2743158285898992,-0.6126144702170906,-0.4676154044701337,-0.09060668773670622,0.2240301789104362,-0.4517162601538265,-0.7050940997570385,-0.06825373617870012,-0.8020769845109594,0.6424004399919849,0.6412532566876672,0.4043657071196385,0.5264631833042988,-0.6117457737453158,0.6589775444314927,-0.9852354786978628,-0.6018662682734461,0.9707181000472092,-0.4024661753285814,0.040231277342470895,0.19267614367813124,-0.7545707198809712,-0.6098824234914819,-0.7412016246044542,0.8712866299657787,0.6896176551349049,0.6126508653705109,0.998040416808879,-0.9794146535348807,-0.21314630502226306,-0.5381113616384001,0.7403646720808768,0.09617982206878661,-0.06981083228488694,0.11277281231295078,0.46333223785454036,-0.24422732963244487,-0.9182331994946875,0.9792343598010866,-0.46858317856884546,-0.8671601635205146,0.28230665731517934,-0.8295948515496996,0.9668203917426224,0.8423883969517978,-0.2809023148409453,-0.1760971856493707,-0.5186314500036877,-0.6541377374168584,0.6496819881159226,-0.05581151720744559,-0.5255614302227762,-0.6855355686231979,-0.49623982188852045,-0.3300914191466402,-0.6157190455534984,0.3076667226201264,-0.7375913338935103,0.2519531610570287,-0.021142247489733368,-0.6903419544341198,-0.36834978108462635,-0.5214604640067526,-0.24623988765912452,-0.5978068278609381,0.6246449024922986,0.15967736486159723,0.5858034058461097,-0.8727053862502019,-0.3039561476063868,-0.9226095073570715,0.8594378819188719,-0.7445776990343842,-0.9206436233521891,0.7667803249650382,0.9703943917705267,0.6502694610251336,0.19871800243853133,0.7493263685404488,0.48475908538530277,0.7313174572719772,-0.31938118809945437,-0.9120818360027945,-0.38655017050116136,-0.5593293927280574,0.9227181682143826,-0.49266921119093054,0.9963751522699043,0.28933956701172603,0.9630166606662065,0.5096856648469172,-0.3836375580952507,0.007235064363217747,0.535048971381823,-0.721873664264667,0.2455445458605796,-0.37468244415643825,-0.7668350164445719,0.07340091906068968,0.060207384673965025,-0.9495894828503573,0.28373650236609094,0.52924451382105,-0.5265308958855148,-0.7847173468509805,0.5668859329140215,-0.2575837830688479,-0.29747568944617053,0.45222800880480274,0.8108778072214922,0.1823260276509273,0.5167347665147952,0.6409310172021696,0.37610784176693857,0.08353302685757513,-0.1565269665896758,-0.15945421642151048,0.40165846332239097,-0.12877447206586656,0.20291787859063848,0.4204006825554596,-0.770941926721799,-0.5866762134467993,-0.5359349075573951,0.6285943686542541,-0.8128073244365075,0.9932327797943392,0.019143680709320154,-0.2914948092020726,-0.14189274135751595,-0.21310703095954642,0.20749844972246856,0.5304568389614526,0.6775850204957516,0.49779311839206253,0.2539457767772353,-0.47889986865078815,-0.8376159751981362,-0.2763874429332067,0.08639735295077244,0.7057082781267692,-0.12772029732418178,-0.6407981887152274,-0.5408612558617194,-0.4864443926948214,0.2562331815324266,0.6132202586686593,0.2415594908866776,-0.6683341312408808,-0.25241782219401165,0.6425212994030658,0.6024807100792331,0.5736713021113609,-0.9605159745631917,0.3611329517812485,-0.039318843033373296,0.6400747347054374,0.684565660099635,-0.0016371070215506212,-0.9514303967505189,0.08398984674495158,0.4281783646197337,-0.6639580511916339,-0.41048840552430343,-0.031489346589614664,-0.366470007594458,-0.0845893921666181,-0.48646226013024285,0.3106347502518507,-0.399177392367027,0.7330253164818459,0.6306684044201001,0.9194986753586745,-0.1180895958896444,0.9994741629301287,0.31525329438880556,-0.2930338254335352,0.582922273063291,0.19672919233119357,-0.10644623458006408,0.7777066314375516,0.13694024116225734,-0.8203381551876423,-0.8459108874627597,0.16561164004395423,-0.7457900885410405,0.6547432900035013,-0.6460433322596137,-0.43608100089904656,0.499615634396289,-0.13519248977763487,0.12948543003572488,0.9766061335173006,0.5386597303492966,-0.0012962164829408707,0.47106600499299645,0.5383505890738352,-0.9481614846670168,-0.37075911205967405,-0.40168402088637944,0.9645671615491089,0.705988509344009,-0.08728663067129916,-0.5345338386462686,-0.7969128277862509,0.23704212553940063,0.31255631116886873,0.41489351103378347,0.5160624674343846,-0.3961951189114721,0.524606537427287,-0.5516422474293774,-0.01864897473905347,-0.3329937293912604,0.7575211003821896,-0.36460712108665616,0.2395928344062206,0.11649543148545827,0.20325888160647,0.14566887010182628,-0.41591113583744876,0.8536282080675583,-0.8955984908478705,0.4215188826586256,-0.6300278679038818,0.1467080194577588,0.17004112189120968,-0.5046514939634281,0.8493636307097736,0.30115639172535347,-0.9235345684500682,-0.8428033037543128,0.13761032772757198,0.0035724695458227984,0.7121934438431454,0.6268827177904441,-0.6053475797255716,0.46004947308709543,0.720306951852286,-0.6027793101604584,0.2560165656558111,-0.652277530522434,-0.698999722719597,-0.4640602333358894,0.0721733375768423,0.3077131312096444,0.8125440537650594,-0.9055322972491477,0.013518666544737545,0.70565827935289,0.18609948105515506,-0.3403706309053991,0.5400624336762465,-0.33395343640877506,0.5636738168831394,-0.8585184668366617,0.4116657809772222,0.9613612570131806,-0.42045545059148215,-0.48847152259625926,-0.5027956469451991,0.43377561247481067,-0.31146030126631685,-0.13601624854858652,0.42202818457751157,-0.4526432467477357,0.4656878221471279,0.9926452660988514,-0.5045374669140008,0.7826209406225149,-0.06813772395045015,0.1405007863069263,0.15144168387153623,-0.6979114672165878,0.4263327152982339,0.33492165328871737,0.1765507560544024,0.1223916298953327,0.4230760774404356,-0.017879422536220435,-0.8586390376694384,-0.6866664218637994,-0.5527288883331751,0.12268414994257282,0.18011930769100282,0.4600323758509184,-0.013680856835613486,0.13740928964081744,0.05541930417020313,-0.15434062969959084,-0.7473373902098468,-0.799046436494536,-0.6849858595611249,0.6735377086910392,-0.09847031812674434,0.21700721847307292,0.6720104801050215,-0.8785204269876443,0.11626890281424562,0.4511422409000043,-0.4676836845609076,-0.12383757742784551,0.9245781324441167,0.5139239502260162,0.2840372508348967,0.9930581101785163,0.8576566488493267,-0.8579971781360733,0.04193841918033181,0.6484070471936134,-0.772496630671369,-0.5524289694887725,0.144489457985034,0.5361550893442182,0.5960222730219278,-0.7559389846003413,-0.6117449078985917,-0.4291526306237412,-0.8230892587200802,0.8780123440887815,0.666033315964579,-0.7162084566026066,-0.5910606931002544,-0.42507973907909236,0.8312579613719446,-0.6838358533274618,-0.5100643665903595,0.15285313629508646,-0.5658522595587465,-0.296298028842503,0.409415686413207,0.5365643900406531,0.5985733832627997,-0.04022110727183481,0.5065985830602571,-0.4827146602763892,0.6904641041155457,0.275109821354905,0.9055749259357573,0.9891590310863652,-0.2973870443161619,-0.4552912984120836,0.3666066403775714,0.8180005586536814,0.089547825215617,-0.5199426722800968,-0.662577482681697,0.3827559116617163,0.7513984403452025,0.4083575947108802,-0.0005077910330522073,-0.8318419771530059,-0.7217859533052677,0.9570366857606372,-0.22511464897359024,-0.22305250646576513,-0.8815507744833062,-0.9567929712442964,0.21040405356357494,-0.9118202737281922,0.3713005167717631,0.46683457406040163,-0.22413541885346744,-0.09920072374155886,-0.6667661120681638,0.9360880090229646,-0.06182178354167589,-0.773913484795645,-0.7935408367368824,-0.541415396904044,0.4202114540050246,0.9059308735244005,-0.2555384398790359,0.28001190666769005,-0.3194182706034623,-0.29457648237791445,-0.9037842740987301,0.8602034375092433,0.5121500825252121,-0.46543707328376493,-0.41643433336625546,-0.9660801789370606,-0.8667728007693218,-0.607271873282879,-0.8200714101020141,0.7580265442524738,0.4721029497932292,-0.8560194233176746,-0.9645682177161583,0.17500436353457927,0.23039580841704455,-0.26291958497421164,0.2602594815742514,-0.38148458289122367,-0.19172560325268373,0.18322294874006984,-0.48067219322733234,-0.6895573262938313,-0.027513003211334652,0.6974865221489093,0.667279824921813,0.8920686226378254,-0.023579750452367376,-0.6221914901094117,0.8974205837361482,0.9399796080089549,0.650605881386209,0.13253897044820984,-0.7352677860085921,0.014404103865918394,0.28165460025892597,-0.9649145289767926,-0.8895254895733846,0.131801033885367,0.4628992432075658,-0.7280268582453211,-0.461761506780034,-0.012817121660950725,0.23917094259297045,-0.12298737419533112,0.9975121183773754,0.30105737727266435,-0.14356775142083755,-0.3618191231759822,-0.8527957956250269,0.031203449260478244,0.26155596555886884,0.31273995938103005,0.06834161445330333,0.28284061378770664,0.759883118592313,-0.47069262832616077,-0.3939306893717416,-0.7511296108966863,0.7012294638283803,0.06991083818744759,-0.7195898416997604,-0.7119363399333893,-0.6613516394139622,0.3518137061607516,-0.7933071589640528,-0.9914763659043522,-0.3045815803313676,-0.45703527571538705,0.5257684878917128,-0.9332631689279411,-0.5015492550595204,0.04441921683772754,0.8919504362040562,-0.06541442857880453,-0.514833037208984,0.49052595295089363,-0.4474337637283936,0.5170679635949147,-0.5039146580572982,-0.4734922068161489,-0.9105967363191643,0.5391200902697122,-0.9088945930370265,-0.39138710190370674,-0.7737146963169004,-0.9637343085282797,-0.6732792393186127,-0.6405622926841021,0.5303019920361016,-0.14603507456129283,-0.36419391650965993,0.24951044075450168,0.142864075274181,-0.5756194033139155,0.28891873441302773,-0.7751968964612377,-0.32188870111316925,-0.1589569731826037,0.9918386373887345,0.9087718436538461,0.5487756250384122,0.8511094736090268,0.6646544932011766,-0.41373146799551286,0.8298643716882015,0.21868997327872597,0.5712942414935065,-0.848991094585346,0.8458960561050421,0.7543006237775014,0.8591370295709424,-0.36548510541954093,0.1891484604916691,-0.8598540192982982,-0.7861082470825989,-0.5055429638589095,-0.5019471385360248,-0.07457817439597147,-0.6563402691057711,-0.29116963669399487,0.760560408343016,-0.1658783395364869,-0.6490102638962001,0.5088018244461663,0.26429088050437666,0.9476253034076045,-0.972745094554804,0.9169395113454542,-0.8004038485834379,-0.3700905475318048,-0.35898015356965995,0.7749433234474992,0.780134039838486,-0.9976742261567444,0.4588292475592064,-0.45252490332802453,0.6577263256526373,0.937289571253505,0.7111015252747377,-0.4308001062314344,-0.4020479029598296,-0.4807538332949868,-0.4124335592696464,-0.389590912141355,0.051255587121141755,0.479069581241377,0.34449376889800476,-0.9687447349629483,0.7354148535312943,-0.3856886434238791,-0.5168112094007313,0.1399657452229237,0.07224086397086049,-0.10441388705008503,-0.5384379024265684,-0.8300458523743086,0.6540601229547132,-0.5574688922004654,-0.039193971173025366,0.5282648818152456,-0.0848415379653713,-0.5511063190323744,-0.5996404891760057,0.06128348184401222,-0.11608844459078349,0.18868671250938251,0.2176910516567585,-0.4636651805005638,-0.8235559967068535,0.24277658492902665,-0.23575069724635633,0.5597858963548283,0.7532115635570469,0.9001328544461917,-0.8817441198126155,-0.9407424968619804,0.7959632699663401,-0.007280203140452413,-0.4391741368555415,0.42975411075270076,0.29713424179880743,-0.8633763785811259,-0.6325024138243673,0.5768592279648874,0.8374576698299676,0.9448413495839962,0.4117316375005833,-0.8198629959459218,0.5469110959542562,-0.0035861297310251228,0.9371805922074801,0.4460132582217913,0.9376811300415795,0.6036104078525941,-0.1782569024651599,0.08348779264661932,0.8661575441926048,0.34842414493644225,0.025177897413627193,0.40506162911047516,0.02347390714978559,0.9855751534904236,0.46317953470560047,-0.3924612918132966,-0.9958446118873618,0.39758825272998366,-0.12090712514227353,-0.3418665915964927,-0.1702861054230811,0.23303524019732302,-0.8585362676711588,-0.05609966151455836,-0.6852108812819631,0.6189366873723268,-0.7822968990674073,-0.6716990481316814,-0.05126350311785988,0.032722196796006964,0.37311227853327145,-0.7768766363251032,-0.013745355010017057,-0.5165537900048769,0.884963201920522,0.6745770228991077,0.28302204901754524,-0.5297052130909392,-0.718483749775332,-0.38730541771318827,-0.9803170181087049,-0.49023126284006846,-0.11623401673572631,0.8797292120499918,-0.1882047891360965,-0.742535420203204,0.6393026325712019,0.34736093630670495,-0.22812745028023595,-0.7907011914621704,0.0889925839249266,-0.9818838648507209,-0.6855181144017153,-0.532876713332495,-0.572329666702311,0.9102556067700542,-0.4354365966378919,0.37549020053327853,0.3603354304088049,0.3738619553253524,0.49956530165236,0.7920021911093016,0.2665615012485898,-0.7586261391569276,0.6801179460807976,0.6237857399505438,0.9328048077296296,-0.024544175344271668,0.9139930002871268,0.07451510586529286,0.02148604365444262,-0.9734675808110125,0.8132911713211672,0.35234076380384893,0.4932703917264263,0.33051412595061747,0.05480112361876244,0.41532506830381344,0.4753769775410346,0.3195733140154817,0.5095724659304572,-0.7739759784307856,0.44289359953523033,0.23957186467666713,-0.14485685952352867,-0.23541174642241192,0.9457316302248,-0.19283485458118732,-0.5645438042634447,-0.746068134507962,0.897362207881456,-0.6519272338415225,0.30244361693419664,-0.9323824619781187,-0.12645536497505128,0.94845452724701,0.5910855206830288,0.1781472303113616,-0.4508235201412374,-0.8708558678579454,0.9718469778670382,0.8105373488414009,-0.5328728854071183,0.4502616877111998,0.11063886830319136,-0.5185613538321103,0.22420363036621205,0.45021417043498646,-0.9308046868196049,-0.7577260299823432,-0.5728091881918165,0.7905573366298648,0.47360883560607103,-0.48718378688466335,-0.8306699017406673,-0.05031986767298635,0.9765335478468649,0.1409654836005787]",
         ~~~~~~~~~
     ?   coordinates?: NullableJsonNullValueInput | Json,
     ?   svgPathId?: String | Null,
     ?   hierarchyParent?: String | Null,
     ?   createdAt?: DateTime,
     ?   updatedAt?: DateTime
       }
     })

Unknown argument `embedding`. Available options are marked with ?.
    at wn (D:\Miriam\Development\projects\anatomy-app\node_modules\@prisma\client\runtime\library.js:29:1363)
    at $n.handleRequestError (D:\Miriam\Development\projects\anatomy-app\node_modules\@prisma\client\runtime\library.js:121:6958)
    at $n.handleAndLogRequestError (D:\Miriam\Development\projects\anatomy-app\node_modules\@prisma\client\runtime\library.js:121:6623)
    at $n.request (D:\Miriam\Development\projects\anatomy-app\node_modules\@prisma\client\runtime\library.js:121:6307)
    at async l (D:\Miriam\Development\projects\anatomy-app\node_modules\@prisma\client\runtime\library.js:130:9633)
    at async main (D:\Miriam\Development\projects\anatomy-app\prisma\seed.ts:53:5) {
  clientVersion: '5.22.0'
}
